
	Number of estimated series :  6744 
	Length of estimated series :  1124 
	Estimation Time            :  3.6857 
	Total Time                 :  3.685745 
	BEKK order                 :  1 1 
	Eigenvalues                :  11.74666 6.065277 6.033366 3.14084 3.131828 3.110408 1.946945 1.905308 1.744191 1.631736 1.399858 1.182954 1.102284 1.045467 0.9235316 0.8271607 0.7812365 0.6422643 0.4538816 0.4538235 0.3369091 0.3020684 0.2781145 0.2130418 0.1296262 0.1132345 0.09580638 0.09520393 0.07050316 0.03424278 0.02797413 0.02161733 0.006304116 0.005335406 0.0006221756 0.0006216136 
	aic                        :  -18141.81 
	unconditional cov. matrix  :  -0.7550686 -9.025946 -12.40581 -4.356291 0.5203093 3.220822 -9.025946 2.31532 1.072271 1.6102 -0.04382609 3.892803 -12.40581 1.072271 22.09358 3.477545 1.574701 0.1470918 -4.356291 1.6102 3.477545 0.3850055 0.07733091 0.3960784 0.5203093 -0.04382609 1.574701 0.07733091 2.58319 -1.143864 3.220822 3.892803 0.1470918 0.3960784 -1.143864 2.39097 
	var(resid 1 )                :  0.5802107 
	mean(resid 1 )               :  0.2327052 
	var(resid 2 )                :  0.6001483 
	mean(resid 2 )               :  0.3208957 
	var(resid 3 )                :  0.2762062 
	mean(resid 3 )               :  -0.06865185 
	var(resid 4 )                :  0.05637833 
	mean(resid 4 )               :  0.5501538 
	var(resid 5 )                :  0.001541317 
	mean(resid 5 )               :  0.02311576 
	var(resid 6 )                :  0.00975971 
	mean(resid 6 )               :  0.09230185 
	Estimated parameters       :

	C estimates:
             [,1]          [,2]          [,3]         [,4]       [,5]       [,6]
[1,] -0.003615726 -0.0037848788 -0.0077250727  0.013940125 -0.5500462 -0.2628612
[2,]  0.000000000 -0.0004238507  0.0006010052 -0.002225153 -0.2240600 -0.1048866
[3,]  0.000000000  0.0000000000  0.0008541258 -0.012464731 -0.4777970 -0.1607046
[4,]  0.000000000  0.0000000000  0.0000000000 -0.001778867 -0.8963425 -0.3434488
[5,]  0.000000000  0.0000000000  0.0000000000  0.000000000 -0.6204747 -0.2253379
[6,]  0.000000000  0.0000000000  0.0000000000  0.000000000  0.0000000 -0.2479471

	ARCH estimates:
            [,1]        [,2]        [,3]       [,4]        [,5]      [,6]
[1,]  0.92178990 -0.02656216  0.15951729 0.08682078  0.11431575 0.1254119
[2,]  0.45553673  0.34402170  0.28722943 0.08311345  0.11514283 0.1206268
[3,] -0.25960469  0.85617379  0.42739364 0.06574029  0.10992553 0.1271175
[4,] -0.05179471  0.13232978 -0.10172691 0.71799694 -0.13267166 0.2076204
[5,]  0.03364983 -0.07958411  0.09571849 0.24661656 -0.02150793 0.2808184
[6,] -0.21337032 -0.21458845 -0.35752626 0.13567022  0.01201042 0.2243517

	GARCH estimates:
            [,1]        [,2]        [,3]        [,4]       [,5]       [,6]
[1,] -0.34315179 -0.32048562 -0.39315747  2.25768577 -0.5401859 -0.6299658
[2,]  0.20543547  0.21173400  0.15396776 -1.46028919  0.2516572  1.2261625
[3,] -0.05064570 -0.05093454 -0.08495007 -0.66571138  1.9356224  0.3588093
[4,] -0.15204504 -0.12499585 -0.23886274 -0.20720122  0.4929670  0.5639481
[5,] -0.06438195 -0.05080625 -0.10461140 -0.02669427 -0.1783255 -0.2460859
[6,]  0.13201244  0.10267852  0.21742486  0.01963218  0.6101957  0.5301043

	asy.se.coef                : 

	C estimates, standard errors:
            [,1]         [,2]         [,3]         [,4]       [,5]        [,6]
[1,] 1.57843e-05 3.232807e-05 9.352519e-05 0.0005153140 0.01513236 0.010223791
[2,] 0.00000e+00 2.480045e-04 2.648382e-04 0.0018366544 0.03233481 0.014519154
[3,] 0.00000e+00 0.000000e+00 1.643735e-04 0.0007270199 0.02986272 0.012476898
[4,] 0.00000e+00 0.000000e+00 0.000000e+00 0.0007425820 0.01182772 0.007625926
[5,] 0.00000e+00 0.000000e+00 0.000000e+00 0.0000000000 0.02217666 0.011679015
[6,] 0.00000e+00 0.000000e+00 0.000000e+00 0.0000000000 0.00000000 0.003954412

	ARCH estimates, standard errors:
           [,1]       [,2]       [,3]       [,4]      [,5]       [,6]
[1,] 2.56124510 1.99509494 4.34317460 1.34073163  8.128308 18.4321644
[2,] 3.42227283 2.62255545 5.83141327 1.42488426 12.077053 28.6765617
[3,] 0.55742916 0.44674802 0.79852213 1.00367803 10.076033  5.8923620
[4,] 0.07612583 0.05435217 0.11416502 0.13462865  3.863378  1.9690736
[5,] 0.04336254 0.03866884 0.06292641 0.09556038  2.355178  1.0013294
[6,] 0.05517305 0.04451759 0.08914987 0.07443752  1.981196  0.9267324

	GARCH estimates, standard errors:
             [,1]         [,2]         [,3]         [,4]       [,5]       [,6]
[1,] 6.391510e-01 0.4947612992 1.1132420144 0.6193199297 7.52957176 3.53977137
[2,] 6.473037e-01 0.5212897290 1.0668109704 0.3231380936 6.52653111 2.97121940
[3,] 6.060425e-02 0.0334393986 0.1377391775 0.2140923037 2.75856625 1.26690136
[4,] 1.452855e-02 0.0150273245 0.0206906394 0.0188389663 0.64320311 0.32989874
[5,] 3.767516e-05 0.0001661392 0.0002502636 0.0003844172 0.06923534 0.02669128
[6,] 1.462871e-04 0.0001901901 0.0006706090 0.0014720288 0.05233753 0.02316293
Called from: diagnoseBEKK(model.bekk1)

